37.50000000 1 37.50000000
121.05665588 2 83.55665588
208.32809448 3 87.27143860
299.47949219 4 91.15139771
394.68328857 5 95.20379639
494.11968994 6 99.43640137
597.97686768 7 103.85717773
706.45135498 8 108.47448730
819.74841309 9 113.29705811
938.08245850 10 118.33404541
1061.67736816 11 123.59490967
1190.76721191 12 129.08984375
1325.59606934 13 134.82885742
1466.41918945 14 140.82312012
1613.50317383 15 147.08398438
1767.12609863 16 153.62292480
1927.57885742 17 160.45275879
2095.16503906 18 167.58618164
2270.20190430 19 175.03686523
2453.02075195 20 182.81884766
2643.96704102 21 190.94628906
2843.40258789 22 199.43554688
3051.70483398 23 208.30224609
3269.26782227 24 217.56298828
3496.50317383 25 227.23535156
3733.84106445 26 237.33789062
3981.73046875 27 247.88940430
4240.64062500 28 258.91015625
4511.06152344 29 270.42089844
4793.50488281 30 282.44335938
5088.50537109 31 295.00048828
5396.62060547 32 308.11523438
5718.43457031 33 321.81396484
6054.55566406 34 336.12109375
6405.61962891 35 351.06396484
6772.29199219 36 366.67236328
7155.26562500 37 382.97363281
7555.26562500 38 400.00000000
7973.04882812 39 417.78320312
8409.40625000 40 436.35742188
8865.16308594 41 455.75683594
9341.18164062 42 476.01855469
9838.36425781 43 497.18261719
10357.64941406 44 519.28515625
10900.02246094 45 542.37304688
11466.50781250 46 566.48535156
12058.17773438 47 591.66992188
12676.15234375 48 617.97460938
13321.60156250 49 645.44921875
13995.74609375 50 674.14453125
14699.86132812 51 704.11523438
15435.28125000 52 735.41992188
16203.39648438 53 768.11523438
17005.66015625 54 802.26367188
17843.59179688 55 837.93164062
18718.77539062 56 875.18359375
19632.86914062 57 914.09375000
20587.60156250 58 954.73242188
21584.77929688 59 997.17773438
22626.28906250 60 1041.50976562
23714.10351562 61 1087.81445312
24850.28125000 62 1136.17773438
26036.97070312 63 1186.68945312
27276.41796875 64 1239.44726562
